0 0.03901875 0.15356089992242047 0.07803125 0.30712179984484095
0 0.2149625 0.14840961986035686 0.0907375 0.296811481768813
0 0.11701874999999999 0.15024825446082232 0.09795625 0.30049650892164464
0 0.31374375 0.15147401086113266 0.09298125 0.3029480217222653
0 0.42285625000000004 0.152699767261443 0.1193625 0.30540729247478665
0 0.525825 0.1569976726144298 0.088025 0.3139953452288596
0 0.62099375 0.152699767261443 0.1013875 0.30540729247478665
0 0.7259625 0.1569976726144298 0.09667500000000001 0.3139953452288596
0 0.82174375 0.1551590380139643 0.09201875 0.31031031807602794
0 0.91331875 0.1551590380139643 0.0823625 0.31031031807602794
0 0.97971875 0.15454615981380915 0.04055625 0.30908456167571763
0 0.08031875 0.5378820791311094 0.09942500000000001 0.3328471683475563
0 0.178525 0.5396741660201707 0.10275000000000001 0.32928626842513575
0 0.26861875 0.5413498836307215 0.07286875 0.3308456167571761
0 0.34251875 0.5458107059736229 0.0753625 0.3415593483320403
0 0.416875 0.5427385570209465 0.07299375000000001 0.33542280837858807
0 0.49159375 0.5608844065166796 0.0699125 0.2966718386346005
0 0.56073125 0.5558650116369278 0.07006875 0.29198603568657877
0 0.63270625 0.5771373157486424 0.07445 0.2469821567106284
0 0.7074625 0.5752366175329713 0.0772125 0.2556943366951125
0 0.7836624999999999 0.5753529868114817 0.0771 0.25055857253685027
0 0.85670625 0.5415593483320403 0.080875 0.3279596586501164
0 0.93124375 0.5698758727695888 0.07024375 0.25415826221877424
0 0.9491937500000001 0.8539410395655547 0.06651875 0.15688130333591932
0 0.8840062500000001 0.8577967416602017 0.058762499999999995 0.1473933281613654
0 0.8172499999999999 0.8568968192397207 0.0656625 0.1456089992242048
0 0.75 0.8591854150504267 0.07355 0.14281613653995345
0 0.68094375 0.8602482544608223 0.062018750000000004 0.14248254460822343
0 0.59818125 0.861311093871218 0.06064375 0.14214895267649338
0 0.5212375 0.8646082234290148 0.08276875 0.1364701318851823
0 0.440275 0.8653840186190845 0.0849875 0.1331186966640807
0 0.35814375 0.8655546935609 0.0809125 0.1310007757951901
0 0.275875 0.8685647788983708 0.09436875 0.13211792086889063
0 0.09925 0.8704654771140419 0.09511875 0.12117920868890612
0 0.0288125 0.870077579519007 0.057625 0.1326764934057409
0 0.1928 0.8671761055081458 0.07060625 0.12596586501163692