0 0.216875 0.8537626066718387 0.239375 0.11249030256012413
0 0.2178125 0.9573312645461598 0.241875 0.08533747090768037
0 0.219375 0.7311869666408068 0.24375 0.11559348332040341
0 0.2203125 0.595810705973623 0.24625 0.14817688130333592
0 0.22375 0.4678044996121024 0.253125 0.10938712179984485
0 0.2203125 0.34988363072148954 0.24625 0.1256788207913111
0 0.22375 0.2195500387897595 0.253125 0.12024825446082234
0 0.2221875 0.1004654771140419 0.25 0.11404189294026378
0 0.221875 0.01900698215671063 0.25 0.03801396431342126
0 0.5303125 0.9794414274631498 0.268125 0.041117145073700546
0 0.531875 0.8991466252909232 0.265 0.12723041117145073
0 0.5334375 0.787044220325834 0.26625 0.09076803723816912
0 0.536875 0.695500387897595 0.275 0.09387121799844841
0 0.534375 0.6031807602792862 0.27 0.09076803723816912
0 0.5490625 0.5104732350659426 0.23875 0.08688906128782002
0 0.545 0.4247478665632273 0.235 0.08688906128782002
0 0.5621875 0.3351435221101629 0.19875 0.09231962761830877
0 0.560625 0.24243599689681924 0.20625 0.09619860356865788
0 0.560625 0.147788983708301 0.201875 0.09542280837858805
0 0.5334375 0.057408844065166796 0.264375 0.10007757951900698
0 0.788125 0.02986811481768813 0.11875 0.05973622963537626
0 0.7875 0.10628394103956555 0.1175 0.08145849495733126
0 0.789375 0.18968192397207137 0.115 0.09154383242823895
0 0.7903125 0.2754072924747867 0.115 0.07680372381691233
0 0.7909375 0.378200155159038 0.114375 0.07525213343677269
0 0.79375 0.47362296353762606 0.11 0.10240496508921644
0 0.794375 0.574088440651668 0.1075 0.10550814584949574
0 0.794375 0.6761055081458495 0.105625 0.10007757951900698
0 0.796875 0.7781225756400311 0.10625 0.11714507370054306
0 0.798125 0.9689681923972071 0.0975 0.062063615205585725
0 0.7959375 0.8813033359193173 0.10125 0.08766485647788984