0 0.2221875 0.9802172226532195 0.250625 0.0395655546935609
0 0.2225 0.9010861132660978 0.250625 0.13110938712179984
0 0.224375 0.773467804499612 0.254375 0.13576415826221877
0 0.224375 0.6427463149728472 0.254375 0.1373157486423584
0 0.2259375 0.5197827773467805 0.2575 0.13886733902249807
0 0.221875 0.3983708301008534 0.249375 0.13421256788207914
0 0.2190625 0.27152831652443754 0.24375 0.13498836307214895
0 0.2165625 0.14507370054305663 0.23875 0.11171450737005431
0 0.2196875 0.03762606671838634 0.245625 0.07525213343677269
0 0.5340625 0.02404965089216447 0.274375 0.04809930178432894
0 0.5303125 0.0973622963537626 0.25875 0.12335143522110163
0 0.53875 0.20364623739332816 0.265625 0.09775019394879751
0 0.531875 0.30100853374709075 0.2625 0.09464701318851823
0 0.534375 0.39255236617532974 0.2675 0.09464701318851823
0 0.54375 0.4860356865787432 0.24875 0.09076803723816912
0 0.5446875 0.5764158262218774 0.24 0.08844065166795965
0 0.5540625 0.6629169899146625 0.204375 0.08533747090768037
0 0.56 0.7571761055081458 0.19875 0.1008533747090768
0 0.5571875 0.843289371605896 0.208125 0.0899922420480993
0 0.533125 0.9414274631497285 0.2425 0.09775019394879751
0 0.79 0.9631497284716835 0.11375 0.07370054305663305
0 0.78625 0.8890612878200155 0.12 0.07757951900698215
0 0.786875 0.8068269976726145 0.111875 0.10007757951900698
0 0.788125 0.7176105508145849 0.11625 0.09619860356865788
0 0.7896875 0.6210240496508922 0.11 0.09464701318851823
0 0.79125 0.5193948797517456 0.11 0.11171450737005431
0 0.7953125 0.4181536074476338 0.10625 0.1008533747090768
0 0.793125 0.31885182311869664 0.109375 0.10162916989914662
0 0.79375 0.21799844840961985 0.105 0.10861132660977502
0 0.7965625 0.02094647013188518 0.091875 0.04189294026377036