0 0.08260624999999999 0.1556400310318076 0.09298125 0.3112878200155159
0 0.17701875 0.1556400310318076 0.10580624999999999 0.3112878200155159
0 0.2797 0.1577657098525989 0.10935625 0.31553917765709855
0 0.38510625 0.1577657098525989 0.110875 0.31553917765709855
0 0.48396875 0.15989138867339023 0.111775 0.3197905352986811
0 0.58174375 0.15458494957331265 0.10800625 0.30916214119472457
0 0.68419375 0.1513964313421257 0.10859375 0.30278510473235065
0 0.7858625 0.1482079131109387 0.0901875 0.29640806826997673
0 0.8911125 0.15245927075252133 0.09886875 0.30491078355314194
0 0.970275 0.15245927075252133 0.059456249999999995 0.30491078355314194
0 0.97969375 0.5683010085337471 0.040618749999999995 0.314910783553142
0 0.9179875 0.5425911559348332 0.10899374999999999 0.3408301008533747
0 0.8242562499999999 0.5374709076803723 0.09961874999999999 0.32131109387121803
0 0.738625 0.5480062063615205 0.0790375 0.33
0 0.6602312499999999 0.5395965865011637 0.0763625 0.3255624515128006
0 0.58666875 0.5427851047323506 0.07649375 0.33193948797517453
0 0.51123125 0.5543910007757952 0.07288750000000001 0.3087354538401862
0 0.438525 0.5553529868114818 0.07130625 0.2982932505818464
0 0.36876875 0.5670597362296355 0.06879375 0.25363072148952676
0 0.29279375 0.574600465477114 0.08121874999999999 0.24705197827773467
0 0.22350625000000002 0.5710240496508922 0.07278749999999999 0.25846392552366176
0 0.1444125 0.5412412723041117 0.07899375 0.30101629169899147
0 0.070925 0.570923196276183 0.069 0.24589604344453062
0 0.0165 0.5650271528316525 0.033 0.26194724592707525
0 0.047262500000000006 0.8571140418929402 0.07646875 0.1564313421256788
0 0.1233875 0.8601086113266099 0.0658125 0.14116369278510474
0 0.18659375 0.8552133436772691 0.062675 0.14917765709852598
0 0.25291875 0.8561830876648564 0.08071249999999999 0.1387354538401862
0 0.324775 0.8575407292474786 0.07741875000000001 0.14453840186190844
0 0.40254375000000003 0.8595655546935609 0.07599375 0.13622187742435998
0 0.4844375 0.8614041892940263 0.0902875 0.13680372381691233
0 0.56594375 0.8667261442979054 0.0813875 0.13197051978277735
0 0.64605 0.8640186190845617 0.08213749999999999 0.13583397982932507
0 0.72724375 0.8644996121024049 0.08755625 0.13061287820015516
0 0.9056687499999999 0.8685647788983708 0.073175 0.11398758727695889
0 0.97284375 0.8720403413498836 0.05431875 0.12403413498836306