0 0.5444711538461539 0.4807692307692308 0.6947115384615384 0.3701923076923077
0 0.28966346153846156 0.9038461538461539 0.21153846153846154 0.09134615384615384
0 0.29447115384615385 0.8149038461538461 0.2091346153846154 0.08653846153846154
0 0.2932692307692308 0.7247596153846154 0.19951923076923078 0.07692307692307693
0 0.30649038461538464 0.6550480769230769 0.19951923076923078 0.057692307692307696
0 0.2956730769230769 0.4483173076923077 0.13701923076923078 0.0673076923076923
0 0.3329326923076923 0.3798076923076923 0.20432692307692307 0.07692307692307693
0 0.3425480769230769 0.30288461538461536 0.20673076923076922 0.07211538461538461
0 0.5805288461538461 0.2091346153846154 0.18990384615384615 0.0889423076923077
0 0.5865384615384616 0.125 0.1875 0.07932692307692307
0 0.5600961538461539 0.29086538461538464 0.1658653846153846 0.08173076923076923
0 0.5084134615384616 0.7271634615384616 0.12259615384615384 0.06490384615384616
0 0.4951923076923077 0.7848557692307693 0.12259615384615384 0.04567307692307692
0 0.6947115384615384 0.8257211538461539 0.12259615384615384 0.07211538461538461
0 0.6923076923076923 0.7644230769230769 0.10336538461538461 0.03365384615384615
0 0.6814903846153846 0.7199519230769231 0.07692307692307693 0.04326923076923077
0 0.7824519230769231 0.25961538461538464 0.16346153846153846 0.0625
0 0.9591346153846154 0.33533653846153844 0.08173076923076923 0.08653846153846154
0 0.9519230769230769 0.42908653846153844 0.09615384615384616 0.08173076923076923
0 0.9483173076923077 0.5084134615384616 0.10336538461538461 0.07932692307692307
0 0.9435096153846154 0.5877403846153846 0.11298076923076923 0.06971153846153846
0 0.9447115384615384 0.6730769230769231 0.11057692307692307 0.07932692307692307