0 0.5189182692307692 0.544110576923077 0.36939903846153843 0.6955528846153847
0 0.0961298076923077 0.28956730769230765 0.09228365384615385 0.21266826923076923
0 0.18480769230769228 0.2944471153846154 0.08615384615384616 0.20927884615384615
0 0.27557692307692305 0.29334134615384616 0.0763701923076923 0.19975961538461537
0 0.34478365384615384 0.3066105769230769 0.057283653846153845 0.19990384615384615
0 0.5516105769230769 0.2961298076923077 0.06822115384615385 0.1365625
0 0.6206730769230769 0.333125 0.07629807692307691 0.20461538461538462
0 0.697451923076923 0.34276442307692306 0.07149038461538461 0.20764423076923075
0 0.7902644230769231 0.5803125 0.08836538461538461 0.19064903846153847
0 0.8754807692307692 0.5860576923076923 0.07923076923076923 0.18800480769230768
0 0.7085576923076923 0.5601682692307692 0.08259615384615385 0.16490384615384615
0 0.2725721153846154 0.5079567307692308 0.06579326923076924 0.1235576923076923
0 0.21560096153846153 0.49509615384615385 0.04641826923076923 0.12365384615384614
0 0.1748076923076923 0.694326923076923 0.07322115384615385 0.12310096153846153
0 0.23514423076923074 0.6921634615384615 0.03427884615384615 0.10302884615384615
0 0.27971153846153846 0.6809615384615384 0.04262019230769231 0.07665865384615385
0 0.7405288461538462 0.7824278846153846 0.0636298076923077 0.16463942307692306
0 0.6644711538461539 0.9592548076923078 0.08704326923076923 0.08151442307692307
0 0.5714903846153846 0.9518509615384616 0.08235576923076923 0.09627403846153845
0 0.49158653846153844 0.9488942307692307 0.08016826923076924 0.1021875
0 0.41185096153846157 0.9439663461538461 0.07045673076923077 0.11204326923076922
0 0.32701923076923073 0.9449519230769231 0.07814903846153845 0.11007211538461538