0 0.8273737373737373 0.5343783783783783 0.11962121212121211 0.7052972972972973
0 0.18297979797979796 0.6106126126126126 0.07727272727272727 0.5917477477477477
0 0.6312878787878788 0.6007027027027027 0.17020202020202022 0.7143243243243244
0 0.7474873737373737 0.6182342342342343 0.08583333333333334 0.6270270270270271
0 0.3275 0.6867207207207208 0.11933080808080809 0.5003063063063063
0 0.2706818181818182 0.6162162162162163 0.11693181818181818 0.6162162162162163
0 0.09090909090909091 0.6198198198198198 0.13005050505050506 0.6126126126126126
0 0.4307323232323232 0.6198198198198198 0.12338383838383839 0.6234234234234234
0 0.5296464646464647 0.32432432432432434 0.1065909090909091 0.2535135135135135
0 0.9090909090909091 0.6526486486486487 0.13636363636363635 0.5313513513513514
0 0.5118560606060606 0.633963963963964 0.09952020202020201 0.5686666666666667