0 0.9443359375 0.26342447916666667 0.111328125 0.42911458333333335
0 0.0263671875 0.69953125 0.052734375 0.3848697916666666
0 0.67916015625 0.32934895833333333 0.12109375 0.5585546875
0 0.046875 0.2967317708333333 0.093740234375 0.4450390625
0 0.16072265625 0.36678385416666665 0.22419921875 0.6539713541666666
0 0.38671875 0.6901041666666666 0.1640625 0.6041666666666666
0 0.90185546875 0.7058723958333334 0.1767578125 0.5844661458333333
0 0.11376953125 0.7194270833333333 0.16015625 0.5611458333333333
0 0.6611328125 0.7375390624999999 0.193359375 0.5249348958333333
0 0.252802734375 0.5579557291666667 0.11001953125 0.4740625
0 0.364697265625 0.2900520833333333 0.1931640625 0.5318098958333334
0 0.56234375 0.45351562500000003 0.1900390625 0.7545572916666666
0 0.8240234375 0.3520052083333333 0.2407421875 0.6505078125