0 0.7747252747252747 0.030014641288433383 0.03296703296703297 0.060029282576866766
0 0.7214285714285714 0.09663250366032211 0.04065934065934066 0.19326500732064422
0 0.6730769230769231 0.10468521229868229 0.05824175824175824 0.20937042459736457
0 0.5170329670329671 0.4787701317715959 0.14065934065934066 0.5051244509516838
0 0.5769230769230769 0.8748169838945827 0.14065934065934066 0.25036603221083453
0 0.3956043956043956 0.787701317715959 0.11648351648351649 0.424597364568082
0 0.28296703296703296 0.6654465592972182 0.14065934065934066 0.5607613469985359
0 0.6203296703296703 0.0636896046852123 0.04285714285714286 0.1273792093704246
0 0.6802197802197802 0.3689604685212299 0.07472527472527472 0.16251830161054173
0 0.6445054945054945 0.5029282576866764 0.07582417582417582 0.1390922401171303
0 0.628021978021978 0.5658857979502196 0.03956043956043956 0.15519765739385066
0 0.3565934065934066 0.27232796486090777 0.1912087912087912 0.5212298682284041
0 0.4857142857142857 0.8601756954612005 0.08241758241758242 0.14494875549048317