0 0.8861868131868131 0.1338506588579795 0.11303296703296703 0.043923865300146414
0 0.8105604395604395 0.20487554904831626 0.1616923076923077 0.054538799414348464
0 0.8367692307692308 0.2689458272327965 0.23779120879120877 0.07793557833089311
0 0.5157582417582417 0.4771888726207906 0.3792087912087912 0.18767203513909225
0 0.18665934065934067 0.3967789165446559 0.25153846153846154 0.18740849194729137
0 0.25973626373626374 0.6382576866764276 0.3675714285714286 0.15506588579795022
0 0.37598901098901094 0.7889019033674964 0.42054945054945053 0.18670571010248901
0 0.8470549450549452 0.339311859443631 0.13634065934065934 0.05746705710102489
0 0.5982637362637362 0.2599707174231332 0.12226373626373627 0.09890190336749634
0 0.4978461538461539 0.3071303074670571 0.10458241758241758 0.100497803806735
0 0.4506373626373626 0.3294289897510981 0.11638461538461538 0.05235724743777452
0 0.6711538461538461 0.6907759882869693 0.3912857142857143 0.2547291361639824
0 0.2294065934065934 0.5187115666178623 0.10848351648351648 0.10951683748169838