0 0.7204615384615385 0.09492146596858639 0.21307692307692308 0.18985340314136126
0 0.35423076923076924 0.34554973821989526 0.18461538461538463 0.30471204188481676
0 0.18807692307692309 0.4110994764397906 0.30538461538461537 0.25476439790575917
0 0.9192692307692307 0.3916649214659686 0.1 0.3706806282722513
0 0.5088461538461538 0.4109947643979058 0.11153846153846154 0.3057591623036649
0 0.811923076923077 0.4031413612565445 0.09615384615384616 0.34659685863874345
0 0.7441769230769231 0.5005235602094241 0.08692307692307692 0.30157068062827225
0 0.38384615384615384 0.5832460732984294 0.15384615384615385 0.3172774869109948
0 0.9289846153846154 0.6163350785340315 0.13923076923076924 0.18957068062827223
0 0.49846153846153846 0.63717277486911 0.10230769230769231 0.36020942408376966
0 0.6590538461538461 0.7193717277486911 0.23062307692307693 0.18534031413612564
0 0.4173076923076923 0.7361256544502618 0.16538461538461538 0.3078534031413613
0 0.12100000000000001 0.7471204188481675 0.24200000000000002 0.16020942408376965
0 0.788946153846154 0.8166178010471205 0.2709153846153846 0.1332565445026178
0 0.538776923076923 0.8587958115183246 0.21818461538461537 0.10440837696335079
0 0.7157692307692308 0.10104712041884817 0.008461538461538461 0.0020942408376963353
0 0.4973076923076923 0.10157068062827225 0.2474846153846154 0.18848167539267016
0 0.7153153846153846 0.16209424083769636 0.20503076923076924 0.12227225130890051
0 0.2557384615384615 0.5852356020942409 0.11811538461538462 0.2712146596858639