0 0.7976923076923077 0.8 0.13923076923076924 0.2900523560209424
0 0.6134615384615385 0.30157068062827225 0.22384615384615383 0.2513089005235602
0 0.565 0.14136125654450263 0.18692307692307691 0.28272251308900526
0 0.5653846153846154 0.512041884816754 0.2246153846153846 0.1518324607329843
0 0.5711538461538461 0.9246073298429319 0.25461538461538463 0.13089005235602094
0 0.49961538461538463 0.8324607329842932 0.22153846153846155 0.11832460732984293
0 0.43884615384615383 0.3418848167539267 0.23307692307692307 0.2094240837696335
0 0.3992307692307692 0.4979057591623037 0.26461538461538464 0.13926701570680627
0 0.33884615384615385 0.7167539267015707 0.13615384615384615 0.31413612565445026
0 0.32653846153846156 0.387434554973822 0.22615384615384615 0.225130890052356
0 0.3180769230769231 0.0743455497382199 0.1176923076923077 0.1486910994764398
0 0.2673076923076923 0.8544502617801047 0.09769230769230769 0.29109947643979056
0 0.23653846153846153 0.5528795811518324 0.07692307692307693 0.2973821989528796
0 0.7930769230769231 0.793717277486911 0.0015384615384615385 0.011518324607329843
0 0.7926923076923077 0.4963350785340314 0.13846153846153847 0.33717277486910996
0 0.7480769230769231 0.7931937172774869 0.09 0.27958115183246074
0 0.4373076923076923 0.16753926701570682 0.19923076923076924 0.1612565445026178