0 0.04183240223463687 0.1830016863406408 0.08366480446927374 0.23681281618887015
0 0.10850279329608939 0.1906239460370995 0.08818994413407821 0.23532883642495786
0 0.1635195530726257 0.18327150084317034 0.0892290502793296 0.23053962900505903
0 0.21326256983240224 0.15723440134907252 0.08532960893854749 0.28064080944350756
0 0.272949720670391 0.16354131534569985 0.07316201117318437 0.28755480607082634
0 0.33901675977653634 0.16468802698145024 0.07278212290502793 0.2969477234401349
0 0.39950837988826815 0.15984822934232715 0.06031284916201117 0.2929679595278246
0 0.4588603351955307 0.16258010118043845 0.05321787709497207 0.3031028667790894
0 0.03981005586592179 0.45446880269814505 0.07962011173184358 0.23010118043844854
0 0.08831284916201118 0.45500843170320404 0.09627932960893855 0.2212310286677909
0 0.13930726256983242 0.4512816188870152 0.09115083798882681 0.2208768971332209
0 0.19539664804469273 0.4556661045531197 0.08490502793296088 0.22964586846543003
0 0.24372067039106143 0.4562057335581787 0.07349720670391062 0.22079258010118044
0 0.30344134078212287 0.4562900505902192 0.06513966480446927 0.23231028667790893
0 0.3583798882681564 0.4631534569983136 0.06506145251396647 0.22052276559865094
0 0.4135530726256983 0.461247892074199 0.05417877094972067 0.22237774030354132
0 0.46543016759776534 0.46053962900505907 0.03954189944134078 0.22381112984822935
0 0.08581005586592179 0.6847723440134907 0.06536312849162011 0.17396290050590218
0 0.13656983240223464 0.6891568296795954 0.033340782122905026 0.18079258010118043
0 0.1783240223463687 0.6935581787521079 0.04541899441340782 0.18762225969645868
0 0.22630167597765363 0.6999325463743676 0.05021229050279329 0.20038785834738618
0 0.2758659217877095 0.7006913996627319 0.05442458100558659 0.19605396290050592
0 0.32283798882681564 0.7041989881956154 0.04313966480446927 0.1890387858347386
0 0.37327374301675975 0.7029342327150084 0.04223463687150838 0.179106239460371
0 0.42448044692737436 0.7063069139966273 0.05164245810055866 0.18797639123102866
0 0.46831284916201116 0.7054131534569983 0.03507262569832402 0.18406408094435076
0 0.11382122905027933 0.8913827993254638 0.05420111731843575 0.146610455311973
0 0.1626703910614525 0.8938785834738618 0.04443575418994414 0.13598650927487352
0 0.20334078212290504 0.8876559865092749 0.0393072625698324 0.13136593591905565
0 0.24585474860335194 0.899629005059022 0.04728491620111732 0.15141652613827994
0 0.29444692737430167 0.8995952782462058 0.04955307262569832 0.15716694772344014
0 0.3402793296089386 0.9013153456998314 0.04442458100558659 0.15087689713322092
0 0.38353072625698326 0.9042495784148399 0.044469273743016756 0.1606408094435076
0 0.42818994413407824 0.9034401349072513 0.04169832402234637 0.1551433389544688
0 0.4663016759776536 0.90070826306914 0.03522905027932961 0.1535413153456998
0 0.6045921787709497 0.19264755480607082 0.03339664804469274 0.30873524451939294
0 0.9515530726256983 0.2130185497470489 0.07998882681564246 0.2851602023608769
0 0.656145251396648 0.19145025295109613 0.06547486033519553 0.30242833052276563
0 0.7131284916201117 0.20480607082630692 0.046614525139664804 0.26349072512647553
0 0.7736424581005586 0.2044519392917369 0.05862569832402235 0.2953962900505902
0 0.8350949720670391 0.21141652613827994 0.05937430167597765 0.2951264755480607
0 0.8941787709497206 0.21522765598650928 0.05456983240223464 0.29139966273187184
0 0.9812402234636872 0.5074198988195615 0.037519553072625694 0.2130691399662732
0 0.9362793296089386 0.5034738617200675 0.05001117318435754 0.1954300168634064
0 0.8714525139664805 0.5121585160202361 0.08662569832402235 0.20500843170320404
0 0.7758212290502794 0.5199325463743676 0.05893854748603352 0.20652613827993255
0 0.8439664804469273 0.49758853288364246 0.07017877094972068 0.1972849915682968
0 0.7232067039106145 0.5122596964586846 0.05233519553072626 0.19349072512647553
0 0.6734972067039106 0.5181450252951096 0.0549608938547486 0.2072344013490725
0 0.6141899441340782 0.5223608768971332 0.06081564245810056 0.20590219224283304
0 0.6095754189944135 0.7270489038785835 0.05111731843575419 0.16881956155143338
0 0.658804469273743 0.7257841483979763 0.045463687150837984 0.15925801011804383
0 0.7466256983240224 0.7270657672849915 0.062290502793296086 0.17033726812816188
0 0.8009385474860335 0.7240134907251264 0.04782122905027933 0.16281618887015176
0 0.849709497206704 0.7195278246205734 0.048569832402234635 0.15811129848229344
0 0.8983128491620112 0.7192242833052277 0.04521787709497207 0.16458684654300168
0 0.9436983240223464 0.7156323777403035 0.04391061452513966 0.16591905564924114
0 0.5696648044692738 0.9188532883642496 0.02224581005586592 0.160893760539629
0 0.6049385474860335 0.9197639123102866 0.04442458100558659 0.16047217537942665
0 0.6472960893854749 0.9299831365935919 0.03748603351955307 0.13490725126475547
0 0.6848826815642458 0.9125632377740304 0.044983240223463686 0.1638954468802698
0 0.7327709497206705 0.9088026981450252 0.04867039106145252 0.15779089376053962
0 0.7770391061452514 0.9095446880269815 0.03762011173184358 0.1621247892074199
0 0.8208491620111732 0.9118549747048904 0.04816759776536313 0.16532883642495785