0 0.2899441340782123 0.02951096121416526 0.15307262569832403 0.05902192242833052
0 0.27262569832402234 0.06745362563237774 0.18547486033519553 0.1281618887015177
0 0.2770949720670391 0.15767284991568298 0.19106145251396647 0.10961214165261383
0 0.2776536312849162 0.2571669477234401 0.19664804469273742 0.10961214165261383
0 0.2748603351955307 0.3482293423271501 0.19441340782122904 0.09106239460370995
0 0.276536312849162 0.4376053962900506 0.2011173184357542 0.08094435075885328
0 0.47039106145251397 0.05227655986509275 0.15195530726256984 0.1045531197301855
0 0.47094972067039104 0.11298482293423272 0.1463687150837989 0.11129848229342328
0 0.47094972067039104 0.20320404721753793 0.15418994413407822 0.09780775716694773
0 0.47541899441340785 0.2866779089376054 0.1463687150837989 0.09780775716694773
0 0.47430167597765366 0.36930860033726814 0.14748603351955308 0.08094435075885328
0 0.47374301675977654 0.4477234401349072 0.14860335195530727 0.05902192242833052
0 0.6284916201117319 0.024451939291736932 0.12402234636871508 0.048903878583473864
0 0.6324022346368715 0.08684654300168634 0.1329608938547486 0.07588532883642496
0 0.6329608938547486 0.16188870151770657 0.12960893854748604 0.08263069139966273
0 0.635195530726257 0.2327150084317032 0.12513966480446928 0.0657672849915683
0 0.6346368715083799 0.3086003372681282 0.11843575418994413 0.06408094435075885
0 0.6368715083798883 0.38617200674536256 0.12402234636871508 0.0775716694772344
0 0.6363128491620111 0.45193929173693087 0.1217877094972067 0.05227655986509275
0 0.7603351955307263 0.011804384485666104 0.09050279329608939 0.023608768971332208
0 0.7569832402234636 0.05227655986509275 0.08715083798882682 0.05902192242833052
0 0.764804469273743 0.1163575042158516 0.1005586592178771 0.07082630691399663
0 0.764804469273743 0.1897133220910624 0.10391061452513967 0.07419898819561552
0 0.7659217877094973 0.2588532883642496 0.09944134078212291 0.06745362563237774
0 0.7675977653631285 0.3246205733558179 0.10614525139664804 0.06745362563237774
0 0.7670391061452514 0.3912310286677909 0.10279329608938548 0.06239460370994941
0 0.7653631284916201 0.4494097807757167 0.10167597765363129 0.05396290050590219
0 0.29608938547486036 0.657672849915683 0.20446927374301677 0.050590219224283306
0 0.29553072625698323 0.7352445193929174 0.2 0.09949409780775717
0 0.30446927374301674 0.821247892074199 0.17430167597765364 0.07082630691399663
0 0.3039106145251397 0.9131534569983136 0.19553072625698323 0.08768971332209106
0 0.3089385474860335 0.9806070826306914 0.19553072625698323 0.0387858347386172
0 0.5134078212290503 0.9165261382799326 0.13631284916201117 0.0893760539629005
0 0.4977653631284916 0.9831365935919055 0.13072625698324022 0.03372681281618887
0 0.5083798882681564 0.8372681281618887 0.12849162011173185 0.07925801011804384
0 0.5122905027932961 0.7622259696458684 0.13743016759776536 0.08263069139966273
0 0.5150837988826815 0.6720067453625632 0.13631284916201117 0.09106239460370995
0 0.6502793296089385 0.6652613827993255 0.11173184357541899 0.0775716694772344
0 0.6497206703910614 0.739460370994941 0.10502793296089385 0.06913996627318718
0 0.6502793296089385 0.8718381112984823 0.11284916201117319 0.09443507588532883
0 0.6486033519553073 0.954468802698145 0.10837988826815642 0.07251264755480608
0 0.7776536312849162 0.6053962900505903 0.10614525139664804 0.03372681281618887
0 0.7782122905027933 0.6585160202360877 0.10614525139664804 0.06745362563237774
0 0.7849162011173184 0.7225969645868465 0.0893854748603352 0.05733558178752108
0 0.7731843575418994 0.7790893760539629 0.10837988826815642 0.06745362563237774
0 0.770949720670391 0.851602023608769 0.10502793296089385 0.07419898819561552
0 0.7715083798882681 0.918212478920742 0.10726256983240223 0.05733558178752108
0 0.7720670391061453 0.9738617200674536 0.10949720670391061 0.05227655986509275