0 0.8270557029177719 0.7636492220650636 0.05411140583554377 0.1669024045261669
0 0.5668435013262599 0.8009193776520509 0.140053050397878 0.1485148514851485
0 0.09045092838196286 0.8051626591230552 0.0005305039787798408 0.09193776520509193
0 0.6242599469496022 0.8785431400282885 0.2506949602122016 0.1042998585572843
0 0.4554376657824934 0.9554455445544554 0.08063660477453581 0.0891089108910891
0 0.9517082228116711 0.0946958981612447 0.09658885941644561 0.1893917963224894
0 0.45013262599469495 0.10372701555869872 0.15490716180371353 0.2038118811881188
0 0.7748010610079575 0.10855728429985856 0.035543766578249335 0.13012729844413012
0 0.3594164456233422 0.015558698727015558 0.058355437665782495 0.031117397454031116
0 0.6058355437665782 0.3606789250353607 0.19416445623342174 0.15558698727015557
0 0.853315649867374 0.3606789250353607 0.070026525198939 0.15063649222065065
0 0.5058355437665782 0.036775106082036775 0.039257294429708225 0.06789250353606789
0 0.7619787798408487 0.38529702970297025 0.1487267904509284 0.22052333804809052
0 0.6538461538461539 0.04384724186704385 0.06790450928381962 0.0876944837340877
0 0.1753315649867374 0.44554455445544555 0.07427055702917772 0.16407355021216408
0 0.9655172413793104 0.516973125884017 0.06896551724137931 0.15983026874115983
0 0.8787798408488063 0.5601131541725601 0.10079575596816977 0.16053748231966053
0 0.02425464190981432 0.5806223479490806 0.048503978779840855 0.18387553041018387
0 0.7604774535809019 0.5841584158415841 0.07320954907161804 0.13578500707213578
0 0.6931034482758621 0.6060749646393211 0.06790450928381962 0.26169731258840173
0 0.29698673740053055 0.8216336633663366 0.17496021220159153 0.0823055162659123
0 0.3402546419098143 0.7115770862800566 0.25511405835543766 0.10949080622347948
0 0.5063342175066313 0.7314427157001414 0.17946949602122017 0.24814710042432814
0 0.2638620689655172 0.5552404526166903 0.15755968169761272 0.22961810466760962
0 0.0890079575596817 0.4778854314002829 0.11158620689655173 0.18045261669024046
0 0.16915119363395226 0.2626661951909477 0.07646684350132625 0.188988684582744
0 0.24606366047745357 0.3477157001414427 0.0709867374005305 0.1633026874115983
0 0.11493368700265252 0.1632036775106082 0.12308753315649867 0.17555162659123055
0 0.05728381962864722 0.1581046676096181 0.11457294429708223 0.19420792079207921
0 0.11560212201591512 0.02966760961810467 0.052206896551724134 0.058557284299858556
0 0.21154376657824933 0.0952899575671853 0.07203713527851459 0.13864922206506367
0 0.2967480106100796 0.09137199434229136 0.09527851458885941 0.10401697312588402
0 0.30014323607427057 0.03616690240452617 0.11117771883289124 0.07234087694483735
0 0.2512307692307692 0.19277227722772275 0.07919893899204243 0.0965983026874116
0 0.3202811671087533 0.18883309759547381 0.16207427055702917 0.1526096181046676
0 0.3504509283819629 0.27772984441301274 0.11409018567639258 0.1985077793493635
0 0.38584084880636604 0.4314780763790665 0.10840318302387268 0.06447666195190947
0 0.4489920424403183 0.6088896746817539 0.16036074270557027 0.09116690240452617
0 0.6118567639257294 0.685884016973126 0.09526790450928382 0.17787128712871286
0 0.55542175066313 0.5888755304101838 0.1586896551724138 0.11987977369165487
0 0.7121697612732095 0.975898161244696 0.11617506631299736 0.048210749646393214
0 0.8168594164456233 0.9532461103253184 0.05922015915119363 0.0935148514851485
0 0.8964297082228116 0.9336987270155587 0.08242440318302388 0.07582743988684583
0 0.8790344827586207 0.8452828854314003 0.10530503978779841 0.1380975954738331
0 0.6329920424403184 0.48583451202263084 0.09505039787798408 0.06196605374823197
0 0.9637188328912466 0.398960396039604 0.07256233421750663 0.21666902404526167
0 0.925655172413793 0.37501414427157 0.07927851458885941 0.10021923620933522
0 0.9291299734748011 0.2902545968882603 0.05224403183023873 0.06722772277227723
0 0.9141167108753315 0.22388260254596887 0.04982493368700265 0.06189533239038189
0 0.8719681697612732 0.2763083451202263 0.09084880636604775 0.1610820367751061
0 0.7658514588859417 0.23394625176803396 0.18873209549071618 0.14166195190947667
0 0.6726684350132626 0.24340876944837342 0.16803183023872678 0.1708769448373409
0 0.49648275862068963 0.3751202263083451 0.14489655172413793 0.18494342291371993
0 0.5170928381962865 0.26524045261669027 0.06504509283819629 0.10738330975954738
0 0.49116710875331565 0.2141867043847242 0.08753315649867374 0.13304809052333805
0 0.5379522546419098 0.05541018387553041 0.07277453580901858 0.11082036775106081
0 0.5709283819628648 0.19434229137199435 0.08562864721485411 0.20671145685997172
0 0.6247480106100797 0.1532107496463932 0.08073209549071618 0.16154879773691655
0 0.6681167108753316 0.12714992927864213 0.05041909814323608 0.1259052333804809
0 0.7188063660477454 0.08018387553041018 0.07104509283819628 0.16036775106082035
0 0.846238726790451 0.050452616690240454 0.13922015915119365 0.10090523338048091
0 0.7832732095490716 0.03062942008486563 0.08126259946949603 0.061265912305516264
0 0.8430291777188328 0.5346534653465347 0.1093368700265252 0.1596110325318246