0 0.6978779840848807 0.064002828854314 0.12519893899204243 0.07213578500707214
0 0.7257294429708223 0.41089108910891087 0.11140583554376658 0.1867043847241867
0 0.7840848806366048 0.3345120226308345 0.0779840848806366 0.3345120226308345
0 0.8416445623342175 0.5594059405940595 0.06684350132625995 0.1074964639321075
0 0.2026525198938992 0.5664780763790664 0.15278514588859415 0.2065063649222065
0 0.20636604774535808 0.13366336633663367 0.09761273209549072 0.04738330975954738
0 0.13660477453580902 0.6874115983026874 0.023342175066312996 0.07779349363507779
0 0.39549071618037135 0.3589108910891089 0.11671087533156499 0.25884016973125884
0 0.39549071618037135 0.03783592644978784 0.1129973474801061 0.07567185289957568
0 0.15251989389920426 0.49222065063649223 0.05092838196286472 0.05233380480905234
0 0.4140583554376658 0.15063649222065065 0.16551724137931034 0.19801980198019803
0 0.15782493368700265 0.29490806223479493 0.06578249336870026 0.09052333804809053
0 0.45915119363395224 0.9328147100424328 0.12307692307692308 0.09900990099009901
0 0.5450928381962865 0.031117397454031116 0.12042440318302387 0.06223479490806223
0 0.5631299734748011 0.15275813295615276 0.10185676392572944 0.09759547383309759
0 0.5795755968169761 0.24257425742574257 0.1962864721485411 0.09052333804809053
0 0.7413793103448276 0.7705091937765205 0.06153846153846154 0.2333804809052334
0 0.6586206896551724 0.7128712871287128 0.08222811671087533 0.34016973125884015
0 0.6737400530503979 0.4915134370579915 0.18620689655172415 0.23903818953323905
0 0.5413793103448276 0.8147100424328148 0.1724137931034483 0.21004243281471005
0 0.3220159151193634 0.940947666195191 0.14164456233421752 0.10183875530410184
0 0.3856763925729443 0.8384016973125884 0.12254641909814323 0.09476661951909476
0 0.24721485411140584 0.9657001414427157 0.13156498673740052 0.0685997171145686
0 0.14721485411140584 0.9886845827439887 0.04403183023872679 0.02263083451202263
0 0.1962864721485411 0.8843705799151343 0.1039787798408488 0.09618104667609619
0 0.193368700265252 0.7708628005657708 0.0779840848806366 0.1272984441301273
0 0.1519893899204244 0.7662659123055162 0.05411140583554377 0.1485148514851485
0 0.26949602122015914 0.8316831683168316 0.0726790450928382 0.10537482319660538
0 0.26657824933687 0.7397454031117398 0.11458885941644563 0.2164073550212164
0 0.33315649867374003 0.6994342291371994 0.14907161803713528 0.15205091937765206
0 0.44854111405835545 0.652050919377652 0.04827586206896552 0.14427157001414428
0 0.5816976127320955 0.5678925035360679 0.06843501326259947 0.21357850070721357
0 0.6395225464190981 0.3507779349363508 0.1336870026525199 0.1272984441301273
0 0.5665782493368701 0.42609618104667607 0.09018567639257294 0.21145685997171146
0 0.8570291777188329 0.21711456859971712 0.03607427055702918 0.15487977369165487
0 0.840053050397878 0.07743988684582744 0.070026525198939 0.07920792079207921
0 0.8251989389920424 0.013083451202263084 0.05676392572944297 0.02616690240452617
0 0.7588859416445624 0.03217821782178218 0.10344827586206896 0.06435643564356436
0 0.48938992042440316 0.32284299858557286 0.04668435013262599 0.1265912305516266
0 0.3320954907161804 0.03217821782178218 0.12095490716180371 0.06435643564356436
0 0.30053050397877984 0.1456859971711457 0.10610079575596817 0.25176803394625175
0 0.3074270557029178 0.2698019801980198 0.12838196286472148 0.22418670438472418
0 0.4063660477453581 0.5045968882602546 0.1389920424403183 0.19306930693069307
0 0.3238726790450928 0.47736916548797736 0.08063660477453581 0.086987270155587
0 0.2856763925729443 0.5116690240452617 0.09973474801061008 0.1166902404526167
0 0.16657824933687002 0.44943422913719944 0.08328912466843501 0.09688826025459689
0 0.27082228116710877 0.4055869872701556 0.15490716180371353 0.11386138613861387
0 0.23978779840848807 0.3338048090523338 0.12095490716180371 0.1074964639321075
0 0.22042440318302386 0.2758132956152758 0.09442970822281167 0.06718528995756719
0 0.18514588859416445 0.20827439886845828 0.12042440318302387 0.09476661951909476
0 0.16259946949602122 0.06541725601131541 0.07586206896551724 0.13083451202263083
0 0.14801061007957558 0.12234794908062235 0.046153846153846156 0.1082036775106082
0 0.5257294429708222 0.05763790664780764 0.11989389920424404 0.11527581329561527