0 0.6095617529880478 0.4552238805970149 0.02390438247011952 0.04975124378109453
0 0.4641434262948207 0.21144278606965175 0.19123505976095617 0.10945273631840796
0 0.40836653386454186 0.3009950248756219 0.1593625498007968 0.08955223880597014
0 0.48804780876494025 0.582089552238806 0.00398406374501992 0.11442786069651742
0 0.7071713147410359 0.7512437810945274 0.04780876494023904 0.07960199004975124
0 0.796812749003984 0.07711442786069651 0.099601593625498 0.15422885572139303
0 0.5318725099601593 0.029850746268656716 0.11155378486055777 0.05970149253731343
0 0.7569721115537849 0.5696517412935324 0.09561752988047809 0.10945273631840796
0 0.3605577689243028 0.5323383084577115 0.11155378486055777 0.11442786069651742
0 0.4760956175298805 0.417910447761194 0.00796812749003984 0.11940298507462686
0 0.9900398406374502 0.6616915422885572 0.00796812749003984 0.19402985074626866
0 0.9442231075697212 0.8805970149253731 0.099601593625498 0.08955223880597014
0 0.49203187250996017 0.8905472636815921 0.1593625498007968 0.03980099502487562
0 0.8107569721115537 0.8805970149253731 0.10756972111553785 0.004975124378109453
0 0.6872509960159362 0.8656716417910447 0.09561752988047809 0.08955223880597014
0 0.701195219123506 0.44527363184079605 0.06374501992031872 0.0945273631840796
0 0.30876494023904383 0.4154228855721393 0.08366533864541832 0.09950248756218906
0 0.6593625498007968 0.6666666666666666 0.09163346613545817 0.0845771144278607
0 0.5398406374501992 0.30845771144278605 0.04780876494023904 0.11442786069651742
0 0.5557768924302788 0.5174129353233831 0.0398406374501992 0.14427860696517414
0 0.9143426294820717 0.7736318407960199 0.03187250996015936 0.10945273631840796
0 0.9083665338645418 0.835820895522388 0.10358565737051793 0.12437810945273632
0 0.952191235059761 0.04477611940298507 0.09561752988047809 0.08955223880597014