0 0.3904382470119522 0.4552238805970149 0.02390438247011952 0.04975124378109453
0 0.3426294820717131 0.5920398009950248 0.07171314741035857 0
0 0.5358565737051793 0.21144278606965175 0.19123505976095617 0.10945273631840796
0 0.5916334661354582 0.3009950248756219 0.1593625498007968 0.08955223880597014
0 0.5119521912350598 0.582089552238806 0.00398406374501992 0.11442786069651742
0 0.29282868525896416 0.7512437810945274 0.04780876494023904 0.07960199004975124
0 0.20318725099601595 0.07711442786069651 0.099601593625498 0.15422885572139303
0 0.4681274900398406 0.029850746268656716 0.11155378486055777 0.05970149253731343
0 0.24302788844621515 0.5696517412935324 0.09561752988047809 0.10945273631840796
0 0.6394422310756972 0.5323383084577115 0.11155378486055777 0.11442786069651742
0 0.5239043824701195 0.417910447761194 0.00796812749003984 0.11940298507462686
0 0.0099601593625498 0.6616915422885572 0.00796812749003984 0.19402985074626866
0 0.055776892430278883 0.8805970149253731 0.099601593625498 0.08955223880597014
0 0.5079681274900398 0.8905472636815921 0.1593625498007968 0.03980099502487562
0 0.1892430278884462 0.8805970149253731 0.10756972111553785 0.004975124378109453
0 0.31274900398406374 0.8656716417910447 0.09561752988047809 0.08955223880597014
0 0.29880478087649404 0.44527363184079605 0.06374501992031872 0.0945273631840796
0 0.6912350597609562 0.4154228855721393 0.08366533864541832 0.09950248756218906
0 0.34063745019920316 0.6666666666666666 0.09163346613545817 0.0845771144278607
0 0.3804780876494024 0.3208955223880597 0 0.12935323383084577
0 0.4601593625498008 0.30845771144278605 0.04780876494023904 0.11442786069651742
0 0.4442231075697211 0.5174129353233831 0.0398406374501992 0.14427860696517414
0 0.08565737051792828 0.7736318407960199 0.03187250996015936 0.10945273631840796
0 0.09163346613545817 0.835820895522388 0.10358565737051793 0.12437810945273632
0 0.04780876494023904 0.04477611940298507 0.09561752988047809 0.08955223880597014