0 0.45458984375 0.09905660377358491 0.0107421875 0.0110062893081761
0 0.35986328125 0.3026729559748428 0.0771484375 0.09433962264150944
0 0.181640625 0.3380503144654088 0.0634765625 0.09905660377358491
0 0.390625 0.3466981132075472 0.0654296875 0.031446540880503145
0 0.1376953125 0.3490566037735849 0.0908203125 0.0660377358490566
0 0.541015625 0.36163522012578614 0.05859375 0.11477987421383648
0 0.06689453125 0.3828616352201258 0.11328125 0.0770440251572327
0 0.38541015625 0.3866823899371069 0.071953125 0.0670440251572327
0 0.31201171875 0.4033018867924528 0.1318359375 0.06918238993710692
0 0.16064453125 0.5172955974842768 0.0537109375 0.16037735849056603
0 0.4072265625 0.5495283018867925 0.0908203125 0.06132075471698113
0 0.4599609375 0.5613207547169812 0.1044921875 0.06132075471698113
0 0.0546875 0.5778301886792453 0.046875 0.09119496855345911
0 0.568359375 0.6029874213836478 0.0615234375 0.1320754716981132
0 0.458984375 0.6132075471698113 0.1005859375 0.07389937106918239
0 0.330078125 0.6713836477987422 0.09375 0.18081761006289307
0 0.53125 0.6776729559748428 0.130859375 0.11163522012578617
0 0.60302734375 0.7051886792452831 0.0849609375 0.16666666666666666
0 0.43994140625 0.7020440251572327 0.1640625 0.10849056603773585
0 0.10400390625 0.7297327044025157 0.0390625 0.17014150943396225
0 0.44189453125 0.8466981132075472 0.1591796875 0.30660377358490565
0 0.597685546875 0.9276729559748428 0.162109375 0.14465408805031446
0 0.1653515625 0.25940251572327044 0.043427734375 0.03658805031446541
0 0.22794921875 0.2489308176100629 0.0452734375 0.027452830188679247
0 0.226943359375 0.322562893081761 0.026455078125 0.05477987421383648
0 0.2431640625 0.4065880503144654 0.0805859375 0.04984276729559748
0 0.369013671875 0.5913207547169811 0.072001953125 0.08712264150943395
0 0.45927734375 0.36764150943396223 0.036865234375 0.04253144654088051
0 0.446533203125 0.28995283018867923 0.037255859375 0.04457547169811321
0 0.426240234375 0.31921383647798746 0.04123046875 0.038286163522012584
0 0.412802734375 0.3306918238993711 0.0503125 0.028820754716981128
0 0.361826171875 0.9758333333333333 0.097880859375 0.048317610062893084
0 0.345263671875 0.8379874213836479 0.07767578125 0.24251572327044027
0 0.28078125 0.8641509433962264 0.085302734375 0.27169811320754716
0 0.184736328125 0.9318553459119496 0.147685546875 0.13628930817610063
0 0.21607421875 0.7810220125786164 0.065146484375 0.21654088050314466
0 0.16486328125 0.8297641509433963 0.08388671875 0.25383647798742137
0 0.06515625 0.8862106918238993 0.130302734375 0.13757861635220126
0 0.044404296875 0.7885849056603774 0.08841796875 0.12055031446540881
0 0.20595703125 0.6494182389937107 0.17505859375 0.20334905660377361
0 0.1087109375 0.5538364779874214 0.06005859375 0.12440251572327045
0 0.18419921875 0.5707861635220125 0.071923828125 0.08586477987421384
0 0.24859375 0.457248427672956 0.1057421875 0.05531446540880503
0 0.07525390625 0.47212264150943395 0.0926171875 0.07720125786163522
0 0.15810546875 0.4236949685534592 0.101591796875 0.0999685534591195
0 0.490869140625 0.3538993710691824 0.06095703125 0.04279874213836478
0 0.09931640625 0.2617138364779874 0.048720703125 0.0489308176100629