0 0.2509765625 0.4268867924528302 0.0068359375 0.01729559748427673
0 0.37744140625 0.27437106918238996 0.05859375 0.12421383647798742
0 0.39892578125 0.018867924528301886 0.0615234375 0.03773584905660377
0 0.40478515625 0.3238993710691824 0.01953125 0.10534591194968554
0 0.4140625 0.5660377358490566 0.0712890625 0.09433962264150944
0 0.4296875 0.31525157232704404 0.0419921875 0.11635220125786164
0 0.43994140625 0.19732704402515724 0.04296875 0.21226415094339623
0 0.53076171875 0.35062893081761004 0.0380859375 0.14622641509433962
0 0.5380859375 0.43553459119496857 0.0380859375 0.16823899371069181
0 0.56396484375 0.610062893081761 0.08203125 0.09905660377358491
0 0.5703125 0.4339622641509434 0.0458984375 0.1619496855345912
0 0.6064453125 0.22641509433962265 0.1123046875 0.1509433962264151
0 0.6103515625 0.550314465408805 0.0693359375 0.21069182389937108
0 0.62744140625 0.6658805031446541 0.103515625 0.13679245283018868
0 0.62548828125 0.4033018867924528 0.0673828125 0.2641509433962264
0 0.71533203125 0.40644654088050314 0.1904296875 0.2562893081761006
0 0.765625 0.6572327044025157 0.08984375 0.2610062893081761
0 0.34423828125 0.06210691823899371 0.0166015625 0.07232704402515723
0 0.3896484375 0.060534591194968554 0.0341796875 0.04245283018867924
0 0.44189453125 0.08647798742138364 0.03125 0.13050314465408805
0 0.556640625 0.2893081761006289 0.0537109375 0.11635220125786164
0 0.41796875 0.43474842767295596 0.0263671875 0.059748427672955975
0 0.36962890625 0.41352201257861637 0.02734375 0.059748427672955975
0 0.3876953125 0.3812893081761006 0.0234375 0.0660377358490566
0 0.39501953125 0.35927672955974843 0.017578125 0.08176100628930817
0 0.79541015625 0.2775157232704403 0.0302734375 0.15723270440251572
0 0.7099609375 0.2507861635220126 0.150390625 0.12578616352201258
0 0.72607421875 0.1470125786163522 0.1689453125 0.13679245283018868
0 0.76806640625 0.055031446540880505 0.0849609375 0.11006289308176101
0 0.673828125 0.0479559748427673 0.134765625 0.0959119496855346
0 0.70458984375 0.014150943396226415 0.1572265625 0.02830188679245283
0 0.59228515625 0.08333333333333333 0.1259765625 0.16666666666666666
0 0.54345703125 0.02437106918238994 0.0537109375 0.04874213836477988
0 0.4736328125 0.09512578616352202 0.0341796875 0.16981132075471697
0 0.4091796875 0.485062893081761 0.0263671875 0.09748427672955975